Fecha	temperatura	radiacion	humedad relativa	precipitacion	velocidad viento	mojadura	direccion viento
2022-09-12	13.4	0.0	99	0.0	8.6	10	213.9
2022-09-12	13.3	0.0	99	0.0	9.5	10	220.8
2022-09-12	13.3	0.0	99	0.0	6.0	10	181.8
2022-09-12	13.2	0.0	99	0.0	7.6	10	222.1
2022-09-12	13.2	0.0	99	0.0	10.6	9	177.1
2022-09-12	13.2	0.0	99	0.0	8.6	9	157.2
2022-09-12	13.1	0.0	98	0.0	10.1	9	182.2
2022-09-12	13.1	0.0	98	0.0	5.9	10	192.1
2022-09-12	13.1	0.0	98	0.0	4.4	10	316.3
2022-09-12	13.1	0.0	97	0.0	7.3	10	236.3
2022-09-12	13.1	0.0	97	0.0	6.9	9	246.7
2022-09-12	12.9	0.0	97	0.0	5.4	10	287.6
2022-09-12	12.6	0.0	97	0.0	4.3	10	291.7
2022-09-12	12.2	0.0	97	0.0	3.1	10	19.0
2022-09-12	12.1	0.0	98	0.0	4.5	10	331.8
2022-09-12	11.9	0.0	98	0.0	3.7	10	18.1
2022-09-12	11.8	0.0	98	0.0	5.2	10	31.2
2022-09-12	11.6	0.0	98	0.0	2.2	10	19.0
2022-09-12	11.6	0.0	99	0.0	4.3	10	345.8
2022-09-12	11.9	0.0	99	0.0	2.9	10	45.8
2022-09-12	11.9	0.0	99	0.0	4.5	10	12.4
2022-09-12	11.8	0.0	99	0.0	3.1	10	11.5
2022-09-12	11.7	0.0	99	0.0	2.9	10	11.8
2022-09-12	11.5	0.3	99	0.0	4.8	10	31.7
2022-09-12	11.5	2.5	99	0.0	4.1	10	91.9
2022-09-12	11.2	15.8	99	0.0	3.1	10	48.1
2022-09-12	11.2	38.0	99	0.0	3.2	10	44.7
2022-09-12	11.5	63.8	100	0.0	3.0	10	148.1
2022-09-12	11.7	96.6	99	0.0	5.0	10	343.1
2022-09-12	12.0	127.3	99	0.0	4.6	10	30.4
2022-09-12	12.6	160.3	99	0.0	4.0	10	50.0
2022-09-12	13.1	204.0	98	0.0	3.0	4	115.6
2022-09-12	14.0	243.4	96	0.0	2.8	1	77.8
2022-09-12	15.1	342.5	92	0.0	4.3	0	75.6
2022-09-12	15.9	331.5	83	0.0	4.4	0	266.2
2022-09-12	15.5	287.9	84	0.0	7.7	0	216.1
2022-09-12	15.8	535.5	84	0.0	8.5	0	211.7
2022-09-12	16.6	587.3	82	0.0	9.0	0	203.7
2022-09-12	16.9	571.6	81	0.0	9.4	0	193.3
2022-09-12	17.1	801.6	77	0.0	6.7	0	234.4
2022-09-12	17.4	735.4	76	0.0	10.0	0	197.1
2022-09-12	17.9	837.5	73	0.0	9.5	0	185.3
2022-09-12	18.4	883.1	74	0.0	9.1	0	209.0
2022-09-12	18.5	812.6	73	0.0	11.7	0	195.5
2022-09-12	18.7	655.6	73	0.0	9.7	0	211.5
2022-09-12	19.0	1059.1	72	0.0	15.5	0	216.6
2022-09-12	18.8	995.3	73	0.0	12.5	0	194.9
2022-09-12	19.3	991.3	70	0.0	9.7	0	239.8
2022-09-12	18.9	999.1	69	0.0	7.2	0	231.9
2022-09-12	19.4	989.3	67	0.0	7.6	0	359.1
2022-09-12	19.8	990.9	66	0.0	10.5	0	304.4
2022-09-12	19.9	791.9	68	0.0	8.8	0	184.6
2022-09-12	19.7	555.7	67	0.0	11.4	0	241.8
2022-09-12	18.7	168.3	70	0.0	10.2	0	226.7
2022-09-12	18.4	143.7	74	0.0	11.1	0	236.3
2022-09-12	17.0	69.9	86	0.0	11.1	0	184.8
2022-09-12	17.7	446.0	80	0.0	11.2	0	229.2
2022-09-12	18.0	199.9	78	0.0	11.9	0	170.1
2022-09-12	18.8	854.3	77	0.0	13.7	0	189.0
2022-09-12	19.1	584.6	76	0.0	12.8	0	182.5
2022-09-12	17.4	139.5	83	1.2	13.7	9	170.5
2022-09-12	14.5	54.1	96	3.8	11.1	10	83.3
2022-09-12	13.8	61.7	96	0.2	9.0	5	31.5
2022-09-12	14.4	85.8	95	0.0	7.4	1	30.4
2022-09-12	14.4	79.1	95	0.0	4.6	0	9.5
2022-09-12	14.4	44.1	96	0.0	3.1	1	34.8
2022-09-12	14.5	165.8	96	0.0	4.2	0	114.7
2022-09-12	14.9	150.6	92	0.0	4.8	0	236.5
2022-09-12	14.9	63.4	91	0.0	4.7	0	177.0
2022-09-12	15.1	147.1	94	0.0	2.3	0	45.0
2022-09-12	14.8	52.4	93	0.0	3.4	1	22.1
2022-09-12	14.4	36.8	95	0.0	2.7	8	0.7
2022-09-12	14.1	10.1	96	0.0	4.2	10	305.1
2022-09-12	13.9	1.6	97	0.0	3.6	10	297.6
2022-09-12	13.8	0.0	97	0.0	2.8	10	54.0
2022-09-12	13.6	0.0	97	0.0	2.6	10	71.8
2022-09-12	13.5	0.0	98	0.0	5.2	10	279.9
2022-09-12	13.6	0.0	98	0.0	5.7	10	276.0
2022-09-12	13.6	0.0	98	0.0	4.2	10	19.6
2022-09-12	13.4	0.0	98	0.0	3.7	10	341.2
2022-09-12	13.3	0.0	98	0.0	2.9	10	76.0
2022-09-12	12.9	0.0	98	0.0	3.3	10	62.5
2022-09-12	13.0	0.0	98	0.0	2.7	10	35.1
2022-09-12	13.2	0.0	99	0.0	3.2	10	284.1
2022-09-12	13.3	0.0	98	0.0	2.9	10	91.4
2022-09-12	13.1	0.0	99	0.0	2.5	10	36.3
2022-09-12	13.2	0.0	99	0.0	4.8	10	336.3
2022-09-12	13.2	0.0	99	0.0	4.0	10	293.0
2022-09-12	13.3	0.0	99	0.0	1.5	10	10.6
2022-09-12	13.3	0.0	99	0.0	2.7	10	238.3
2022-09-12	13.3	0.0	99	0.0	2.9	10	86.4
2022-09-12	13.2	0.0	99	0.0	3.7	10	50.7
2022-09-12	13.1	0.0	99	0.0	2.6	10	83.6
2022-09-12	12.9	0.0	99	0.0	3.1	10	77.0
2022-09-12	12.5	0.0	99	0.0	1.5	10	85.9
2022-09-12	12.3	0.0	99	0.0	4.8	10	33.7
2022-09-13	11.9	0.0	99	0.0	1.5	10	112.0
2022-09-13	11.6	0.0	99	0.0	2.3	10	154.8
2022-09-13	11.6	0.0	99	0.2	1.0	10	59.3
2022-09-13	11.3	0.0	99	0.4	2.1	10	56.0
2022-09-13	11.0	0.0	99	3.0	1.3	10	264.8
2022-09-13	11.1	0.0	99	0.0	2.4	10	22.3
2022-09-13	10.8	0.0	99	0.0	1.5	10	250.2
2022-09-13	10.9	0.0	99	0.0	1.6	10	64.4
2022-09-13	10.8	0.0	100	0.0	2.5	10	71.1
2022-09-13	10.5	0.0	99	0.0	4.1	10	55.3
2022-09-13	10.3	0.0	99	0.0	3.0	10	59.4
2022-09-13	10.0	0.0	99	0.0	1.4	10	326.3
2022-09-13	9.9	0.0	100	0.0	1.8	10	49.9
2022-09-13	9.7	0.0	100	0.0	2.5	10	37.1
2022-09-13	9.7	0.0	100	0.0	2.4	10	50.9
2022-09-13	9.7	0.0	100	0.0	1.4	10	4.8
2022-09-13	9.8	0.0	100	0.0	1.8	10	9.1
2022-09-13	9.6	0.0	100	0.0	2.0	10	32.6
2022-09-13	9.7	0.0	100	0.0	1.5	10	359.8
2022-09-13	9.5	0.0	100	0.0	2.1	10	20.2
2022-09-13	9.1	0.0	100	0.4	0.0	10	170.5
2022-09-13	9.2	0.0	100	0.0	0.9	10	42.2
2022-09-13	9.1	0.0	100	0.0	1.1	10	49.4
2022-09-13	9.0	0.0	100	0.0	0.0	10	113.3
2022-09-13	9.3	1.6	100	0.2	0.6	10	45.6
2022-09-13	9.9	10.9	100	0.0	1.3	10	19.8
2022-09-13	9.6	24.7	100	0.0	0.0	10	352.6
2022-09-13	10.1	42.0	100	0.0	1.4	10	17.2
2022-09-13	10.7	65.1	100	0.0	1.4	10	15.6
2022-09-13	11.2	97.2	100	0.0	1.9	10	72.9
2022-09-13	11.7	130.4	100	0.0	1.7	9	100.7
2022-09-13	12.2	156.3	100	0.0	2.1	7	15.0
2022-09-13	12.8	238.5	100	0.0	4.1	2	263.7
2022-09-13	13.2	264.7	99	0.0	5.8	1	264.8
2022-09-13	13.7	336.9	95	0.0	6.2	0	266.7
2022-09-13	14.3	398.7	90	0.0	8.0	0	216.6
2022-09-13	14.5	315.3	89	0.0	6.9	0	252.1
2022-09-13	14.9	475.5	89	0.0	7.3	0	220.3
2022-09-13	15.8	606.0	83	0.0	6.4	0	133.3
2022-09-13	16.3	627.1	77	0.0	6.9	0	146.7
2022-09-13	16.9	745.7	77	0.0	7.9	0	177.0
2022-09-13	16.6	637.6	78	0.0	10.9	0	215.3
2022-09-13	16.7	551.5	78	0.0	9.5	0	159.1
2022-09-13	17.2	383.8	77	0.0	9.7	0	208.2
2022-09-13	17.2	540.7	76	0.0	9.3	0	207.2
2022-09-13	17.4	413.4	75	0.0	14.0	0	210.3
2022-09-13	17.7	729.4	73	0.0	9.6	0	315.2
2022-09-13	17.4	554.3	74	0.0	10.0	0	304.7
2022-09-13	17.4	653.8	75	0.0	9.0	0	254.3
2022-09-13	18.1	952.6	71	0.0	11.1	0	189.1
2022-09-13	18.2	818.7	70	0.0	10.3	0	185.9
2022-09-13	18.2	657.2	71	0.0	10.3	0	212.4
2022-09-13	18.2	433.4	71	0.0	8.6	0	187.8
2022-09-13	18.6	637.6	72	0.0	7.3	0	201.8
2022-09-13	18.4	306.4	73	0.0	10.1	0	204.0
2022-09-13	18.4	600.7	74	0.0	8.3	0	231.8
2022-09-13	18.3	253.7	77	0.0	10.2	0	196.4
2022-09-13	17.9	151.7	80	0.0	8.6	4	185.1
2022-09-13	16.2	41.2	90	0.0	13.3	10	204.4
2022-09-13	14.4	29.4	97	0.0	12.7	10	212.4
2022-09-13	14.4	25.0	98	0.0	10.9	10	203.2
2022-09-13	14.1	23.8	99	0.0	7.4	10	225.8
2022-09-13	14.0	21.1	99	0.0	6.1	10	228.6
2022-09-13	14.2	19.4	99	0.0	5.4	10	290.3
2022-09-13	14.3	12.1	99	0.0	8.2	10	270.8
2022-09-13	14.3	6.9	99	0.0	11.5	10	222.9
2022-09-13	14.2	12.8	99	0.0	8.1	10	180.6
2022-09-13	14.1	21.4	99	0.0	5.0	10	145.3
2022-09-13	14.1	30.0	99	0.0	4.8	10	227.3
2022-09-13	14.2	36.0	99	0.0	3.1	8	317.4
2022-09-13	14.2	28.4	99	0.0	3.8	10	329.9
2022-09-13	14.1	21.1	99	0.0	4.4	10	272.6
2022-09-13	13.9	7.0	99	0.0	4.9	10	257.4
2022-09-13	13.8	0.8	99	0.0	4.6	10	256.0
2022-09-13	13.8	0.0	99	0.0	2.9	10	252.4
2022-09-13	13.8	0.0	99	0.0	3.7	10	253.0
2022-09-13	13.7	0.0	99	0.0	4.1	10	316.3
2022-09-13	13.6	0.0	99	0.0	4.3	10	273.6
2022-09-13	13.6	0.0	99	0.0	4.9	10	260.2
2022-09-13	13.6	0.0	99	0.0	3.2	10	252.0
2022-09-13	13.4	0.0	99	0.0	3.9	10	264.1
2022-09-13	13.3	0.0	99	0.0	2.6	10	34.9
2022-09-13	13.2	0.0	99	0.0	2.7	10	72.1
2022-09-13	13.2	0.0	99	0.0	1.4	10	39.6
2022-09-13	13.2	0.0	99	0.0	3.3	10	325.8
2022-09-13	13.3	0.0	100	0.0	3.2	10	304.6
2022-09-13	13.1	0.0	99	0.0	2.8	10	338.3
2022-09-13	13.1	0.0	99	0.0	2.0	10	37.2
2022-09-13	12.9	0.0	99	0.0	1.7	10	15.5
2022-09-13	12.8	0.0	100	0.0	2.9	10	284.5
2022-09-13	12.7	0.0	100	0.0	3.2	10	340.5
2022-09-13	12.7	0.0	100	0.0	3.4	10	250.5
2022-09-13	12.7	0.0	100	0.0	2.5	10	296.7
2022-09-13	12.7	0.0	100	0.0	4.0	10	297.5
2022-09-13	12.7	0.0	100	0.0	3.6	10	15.0
2022-09-13	12.8	0.0	100	0.0	2.9	10	286.8
2022-09-14	12.9	0.0	100	0.0	2.5	10	265.1
2022-09-14	12.8	0.0	100	0.0	4.9	10	325.0
2022-09-14	12.7	0.0	100	0.0	4.5	10	21.5
2022-09-14	12.7	0.0	100	0.0	3.0	10	46.8
2022-09-14	12.7	0.0	100	0.0	3.9	10	74.3
2022-09-14	12.7	0.0	100	0.0	3.1	10	44.3
2022-09-14	12.7	0.0	100	0.0	2.5	9	337.3
2022-09-14	12.7	0.0	100	0.0	0.7	9	66.0
2022-09-14	12.8	0.0	100	0.0	2.0	8	223.2
2022-09-14	12.8	0.0	100	0.0	1.4	8	332.8
2022-09-14	12.7	0.0	100	0.0	0.0	7	75.2
2022-09-14	12.7	0.0	100	0.0	1.7	7	276.8
2022-09-14	12.7	0.0	100	0.0	1.6	7	45.1
2022-09-14	12.6	0.0	100	0.0	4.4	7	48.6
2022-09-14	12.5	0.0	100	0.0	0.9	7	49.4
2022-09-14	12.4	0.0	100	0.0	1.4	6	61.6
2022-09-14	12.3	0.0	100	0.0	2.6	6	105.3
2022-09-14	12.4	0.0	100	0.0	2.5	7	340.6
2022-09-14	12.5	0.0	100	0.0	4.9	8	340.3
2022-09-14	12.5	0.0	100	0.0	8.0	8	0.9
2022-09-14	12.5	0.0	100	0.0	6.0	7	20.6
2022-09-14	12.5	0.0	100	0.0	5.6	6	359.2
2022-09-14	12.5	0.0	100	0.0	3.0	6	66.0
2022-09-14	12.5	0.2	100	0.0	1.6	6	354.4
2022-09-14	12.3	2.7	100	0.0	5.0	6	46.6
2022-09-14	12.2	19.0	100	0.0	8.7	7	38.1
2022-09-14	12.2	44.4	99	0.0	5.2	7	83.7
2022-09-14	12.4	67.9	99	0.0	5.6	7	30.2
2022-09-14	12.5	96.2	99	0.0	5.9	3	44.2
2022-09-14	12.7	122.9	99	0.0	6.1	2	79.7
2022-09-14	12.9	153.9	99	0.0	7.1	1	73.1
2022-09-14	13.2	262.1	98	0.0	6.9	1	74.5
2022-09-14	13.7	335.1	96	0.0	6.8	0	99.7
2022-09-14	14.1	291.4	93	0.0	7.5	0	106.3
2022-09-14	14.3	421.2	92	0.0	8.1	0	52.0
2022-09-14	15.6	634.0	87	0.0	7.4	0	71.5
2022-09-14	16.4	658.2	82	0.0	9.6	0	169.3
2022-09-14	16.8	754.8	79	0.0	8.3	0	181.2
2022-09-14	16.8	843.8	80	0.0	12.2	0	21.4
2022-09-14	16.7	643.2	79	0.0	9.8	0	89.3
2022-09-14	17.0	878.4	79	0.0	9.4	0	251.5
2022-09-14	16.7	782.2	79	0.0	13.8	0	174.3
2022-09-14	16.8	551.8	79	0.0	7.3	0	305.4
2022-09-14	16.9	421.6	77	0.0	6.0	0	339.0
2022-09-14	16.8	607.8	77	0.0	9.6	0	258.1
2022-09-14	17.0	459.4	78	0.0	7.9	0	277.1
2022-09-14	17.1	550.2	78	0.0	8.8	0	274.4
2022-09-14	17.7	628.4	76	0.0	9.4	0	219.2
2022-09-14	17.8	848.2	74	0.0	9.4	0	190.2
2022-09-14	18.2	832.1	72	0.0	11.3	0	203.5
2022-09-14	18.5	828.1	70	0.0	9.1	0	245.2
2022-09-14	18.6	586.1	69	0.0	10.9	0	212.0
2022-09-14	19.1	721.2	67	0.0	8.9	0	235.0
2022-09-14	18.7	391.3	69	0.0	7.5	0	222.4
2022-09-14	18.6	360.0	70	0.0	8.4	0	357.0
2022-09-14	16.6	58.0	79	0.0	7.4	9	316.6
2022-09-14	15.4	136.6	91	0.0	9.7	9	206.7
2022-09-14	15.6	326.7	93	0.0	10.1	0	206.9
2022-09-14	16.1	454.0	91	0.0	9.6	0	187.9
2022-09-14	16.6	204.5	87	0.0	7.9	0	168.2
2022-09-14	16.2	195.9	89	0.0	7.7	0	170.8
2022-09-14	16.2	162.1	89	0.0	9.5	1	185.5
2022-09-14	15.9	79.3	89	0.0	7.1	1	145.0
2022-09-14	15.7	77.5	90	0.0	5.8	0	175.5
2022-09-14	15.2	36.5	92	0.0	12.3	2	225.7
2022-09-14	14.7	36.4	95	0.0	15.4	4	213.3
2022-09-14	14.7	48.4	94	0.0	7.7	2	224.9
2022-09-14	14.8	38.6	94	0.0	10.0	2	207.9
2022-09-14	14.5	13.0	95	0.2	12.9	9	191.4
2022-09-14	14.3	20.9	95	0.2	10.8	10	178.7
2022-09-14	14.2	20.7	95	0.2	6.1	9	191.0
2022-09-14	14.1	19.7	95	0.0	6.1	4	184.1
2022-09-14	14.1	8.6	95	0.0	3.0	4	192.9
2022-09-14	14.1	0.5	94	0.0	3.4	8	157.1
2022-09-14	13.9	0.0	95	0.0	2.4	10	81.2
2022-09-14	13.8	0.0	96	0.0	1.9	10	69.1
2022-09-14	13.8	0.0	96	0.0	5.1	10	166.2
2022-09-14	13.6	0.0	96	0.2	9.7	9	227.5
2022-09-14	13.2	0.0	96	0.0	11.7	9	202.7
2022-09-14	13.0	0.0	96	0.8	8.5	9	216.0
2022-09-14	12.9	0.0	96	0.0	9.2	7	219.9
2022-09-14	12.8	0.0	96	0.0	6.0	6	264.2
2022-09-14	12.8	0.0	96	0.8	4.8	8	293.7
2022-09-14	12.7	0.0	96	0.2	5.9	9	312.4
2022-09-14	12.7	0.0	95	0.4	4.7	9	352.8
2022-09-14	12.6	0.0	95	0.2	5.2	10	4.0
2022-09-14	12.6	0.0	94	0.0	3.5	9	13.3
2022-09-14	12.6	0.0	95	0.0	3.5	10	31.1
2022-09-14	12.5	0.0	96	0.0	1.5	10	62.8
2022-09-14	12.5	0.0	96	0.0	6.7	9	345.8
2022-09-14	12.6	0.0	96	0.0	4.5	5	301.9
2022-09-14	12.6	0.0	96	0.0	6.0	5	308.0
2022-09-14	12.5	0.0	96	0.0	7.0	4	241.6
2022-09-14	12.5	0.0	95	0.0	5.2	4	305.3
2022-09-14	12.4	0.0	95	0.0	5.1	7	26.4
2022-09-14	12.3	0.0	95	0.0	4.2	10	17.9
2022-09-15	12.3	0.0	95	0.0	3.6	10	174.4
2022-09-15	12.2	0.0	95	0.0	3.9	10	36.1
2022-09-15	12.2	0.0	95	0.0	5.8	9	11.9
2022-09-15	12.3	0.0	94	0.0	6.6	5	14.1
2022-09-15	12.2	0.0	94	0.0	10.9	5	5.2
2022-09-15	12.2	0.0	95	0.0	4.8	4	317.8
2022-09-15	12.1	0.0	95	0.0	7.4	3	338.5
2022-09-15	12.1	0.0	95	0.0	7.1	3	26.7
2022-09-15	12.1	0.0	95	0.0	7.0	7	25.7
2022-09-15	12.0	0.0	95	0.0	3.5	9	335.5
2022-09-15	11.9	0.0	95	0.0	5.7	9	26.2
2022-09-15	11.8	0.0	96	0.0	3.9	10	31.5
2022-09-15	11.8	0.0	95	0.0	5.4	10	4.8
2022-09-15	11.9	0.0	95	0.0	3.6	10	39.1
2022-09-15	11.9	0.0	95	0.0	3.2	10	13.5
2022-09-15	11.9	0.0	95	0.0	4.2	8	304.0
2022-09-15	12.0	0.0	95	0.0	3.7	6	94.0
2022-09-15	12.0	0.0	95	0.0	5.0	4	30.7
2022-09-15	12.1	0.0	94	0.0	4.7	3	354.0
2022-09-15	12.1	0.0	94	0.0	4.2	8	24.1
2022-09-15	12.0	0.0	94	0.0	5.9	10	52.5
2022-09-15	12.0	0.0	94	0.0	3.2	10	137.0
2022-09-15	12.1	0.0	94	0.0	4.3	10	85.6
2022-09-15	12.1	0.0	94	0.0	6.5	10	25.8
2022-09-15	11.9	2.4	95	0.0	3.9	10	61.8
2022-09-15	11.7	14.8	96	0.0	5.9	10	43.1
2022-09-15	12.1	28.2	95	0.0	5.4	10	355.6
2022-09-15	12.3	55.5	95	0.0	6.1	10	17.2
2022-09-15	12.4	50.6	94	0.0	3.8	10	70.4
2022-09-15	12.6	127.3	94	0.0	5.7	10	52.8
2022-09-15	13.2	112.5	91	0.0	3.1	3	72.4
2022-09-15	14.4	338.2	88	0.0	3.2	0	6.2
2022-09-15	15.2	409.5	81	0.0	5.9	0	358.0
2022-09-15	15.8	355.6	78	0.0	4.4	0	101.4
2022-09-15	15.6	435.6	78	0.0	7.3	0	190.3
2022-09-15	15.3	410.0	80	0.0	9.2	0	222.6
2022-09-15	15.9	408.4	78	0.0	7.4	0	231.4
2022-09-15	16.5	453.7	77	0.0	4.7	0	299.7
2022-09-15	17.0	509.2	73	0.0	5.7	0	128.1
2022-09-15	17.3	809.9	72	0.0	10.6	0	187.8
2022-09-15	17.4	642.9	73	0.0	12.7	0	210.2
2022-09-15	16.9	531.3	74	0.0	12.3	0	193.5
2022-09-15	17.3	752.9	75	0.0	10.4	0	176.7
2022-09-15	17.8	662.2	75	0.0	11.5	0	185.3
2022-09-15	18.1	630.0	75	0.0	8.1	0	228.7
2022-09-15	18.0	659.6	74	0.0	11.7	0	204.4
2022-09-15	18.0	725.9	74	0.0	11.8	0	225.2
2022-09-15	18.4	647.5	73	0.0	11.1	0	204.7
2022-09-15	18.4	592.0	72	0.0	12.8	0	202.5
2022-09-15	18.0	383.6	72	0.0	13.0	0	198.1
2022-09-15	17.8	443.0	73	0.0	16.4	0	218.5
2022-09-15	17.5	220.1	75	0.0	12.2	0	209.8
2022-09-15	17.2	231.4	79	0.0	13.1	0	202.3
2022-09-15	16.9	465.3	83	0.0	11.7	1	184.8
2022-09-15	17.7	691.8	81	0.0	11.0	0	170.9
2022-09-15	17.9	404.3	77	0.0	11.5	0	188.6
2022-09-15	16.9	176.9	82	0.0	13.2	1	178.7
2022-09-15	17.1	113.7	81	0.0	12.4	0	200.9
2022-09-15	17.4	446.8	82	0.0	10.4	0	183.4
2022-09-15	17.3	165.5	82	0.0	13.5	0	189.1
2022-09-15	17.7	529.6	80	0.0	11.9	0	205.7
2022-09-15	18.0	501.7	80	0.0	10.5	0	208.0
2022-09-15	17.2	123.2	83	0.0	14.2	0	205.5
2022-09-15	17.7	505.0	80	0.0	12.5	0	203.9
2022-09-15	17.4	208.9	79	0.0	10.9	0	191.2
2022-09-15	17.2	219.6	82	0.0	8.5	0	185.6
2022-09-15	17.1	128.9	82	0.0	8.4	0	217.0
2022-09-15	17.0	102.3	83	0.0	8.4	0	243.5
2022-09-15	16.2	25.9	88	0.0	8.6	1	242.9
2022-09-15	15.6	13.5	91	0.0	6.7	3	264.1
2022-09-15	15.2	10.6	92	0.0	5.7	9	273.1
2022-09-15	14.8	8.3	93	0.4	8.2	8	248.5
2022-09-15	14.6	3.3	94	0.0	6.8	7	260.1
2022-09-15	14.5	0.7	95	0.0	2.6	8	278.8
2022-09-15	14.3	0.0	94	0.0	4.5	9	307.1
2022-09-15	14.3	0.0	94	0.4	3.6	10	30.6
2022-09-15	14.3	0.0	95	0.0	5.2	10	93.4
2022-09-15	14.4	0.0	96	0.0	4.8	10	71.4
2022-09-15	14.4	0.0	96	0.0	2.5	10	336.6
2022-09-15	14.4	0.0	97	0.0	5.7	10	228.5
2022-09-15	14.3	0.0	97	0.4	8.1	10	224.3
2022-09-15	14.1	0.0	98	0.2	9.2	10	220.9
2022-09-15	14.0	0.0	98	0.0	12.6	10	219.0
2022-09-15	14.0	0.0	98	0.2	9.3	10	219.1
2022-09-15	14.0	0.0	98	0.0	10.7	9	225.3
2022-09-15	13.9	0.0	98	0.4	11.3	10	236.8
2022-09-15	13.8	0.0	98	1.4	8.4	8	243.0
2022-09-15	13.7	0.0	98	0.0	10.6	7	223.4
2022-09-15	13.4	0.0	99	0.0	11.5	8	187.6
2022-09-15	13.4	0.0	99	0.6	14.2	8	202.5
2022-09-15	13.3	0.0	99	0.2	11.8	8	226.1
2022-09-15	13.3	0.0	99	0.0	12.3	8	220.9
2022-09-15	13.2	0.0	99	0.0	11.6	9	237.6
2022-09-15	13.1	0.0	99	0.0	9.4	9	245.9
2022-09-15	13.0	0.0	99	0.0	8.2	9	281.9
2022-09-15	13.0	0.0	99	0.0	9.1	9	290.9
2022-09-16	13.1	0.0	99	0.0	7.9	7	326.8
2022-09-16	13.0	0.0	99	0.0	6.2	6	323.9
2022-09-16	13.0	0.0	99	0.0	6.8	6	258.2
2022-09-16	13.0	0.0	99	0.0	7.1	6	272.3
2022-09-16	12.9	0.0	98	0.0	8.5	7	241.0
2022-09-16	12.8	0.0	98	0.0	8.5	7	264.7
2022-09-16	12.8	0.0	98	0.0	8.0	6	301.4
2022-09-16	12.6	0.0	97	0.0	7.7	8	309.8
2022-09-16	12.5	0.0	97	0.0	7.2	9	297.4
2022-09-16	12.5	0.0	97	0.0	5.6	8	234.8
2022-09-16	12.4	0.0	97	0.0	3.9	9	348.2
2022-09-16	12.0	0.0	97	0.0	4.7	10	7.4
2022-09-16	11.5	0.0	98	0.0	4.4	10	41.7
2022-09-16	11.3	0.0	98	0.0	3.0	10	17.7
2022-09-16	11.2	0.0	98	0.0	4.8	10	27.1
2022-09-16	11.0	0.0	98	0.0	3.2	10	73.9
2022-09-16	11.0	0.0	99	0.0	2.2	10	36.7
2022-09-16	11.2	0.0	99	0.0	5.1	10	34.1
2022-09-16	11.0	0.0	99	0.0	2.6	10	66.1
2022-09-16	10.9	0.0	99	0.0	1.3	10	44.7
2022-09-16	10.8	0.0	99	0.0	3.4	10	48.7
2022-09-16	10.7	0.0	99	0.0	3.0	10	55.1
2022-09-16	10.8	0.0	99	0.0	4.4	10	98.9
2022-09-16	10.6	0.6	99	0.0	2.7	10	294.5
2022-09-16	10.5	4.0	99	0.0	1.2	10	317.0
2022-09-16	10.7	17.6	100	0.0	2.1	10	48.2
2022-09-16	11.1	39.5	100	0.0	4.0	10	19.2
2022-09-16	11.5	63.8	100	0.0	2.8	10	12.4
2022-09-16	12.0	84.0	100	0.0	3.6	10	287.6
2022-09-16	12.2	142.1	99	0.0	7.4	9	334.9
2022-09-16	12.6	184.6	99	0.0	5.5	2	311.6
2022-09-16	12.8	140.2	98	0.0	8.2	1	261.6
2022-09-16	13.0	142.1	96	0.0	7.2	1	298.8
2022-09-16	13.3	227.5	95	0.0	7.8	0	287.2
2022-09-16	13.8	279.8	92	0.0	6.5	0	325.8
2022-09-16	14.1	407.1	90	0.0	7.8	0	349.7
2022-09-16	15.2	707.0	86	0.0	8.8	0	165.2
2022-09-16	16.0	713.5	84	0.0	6.9	0	195.5
2022-09-16	16.5	522.9	79	0.0	7.7	0	202.8
2022-09-16	16.4	309.7	80	0.0	5.7	0	211.4
2022-09-16	16.7	602.6	79	0.0	8.3	0	224.1
2022-09-16	17.2	761.4	76	0.0	10.7	0	169.6
2022-09-16	17.3	883.4	76	0.0	10.2	0	233.8
2022-09-16	17.9	566.8	74	0.0	7.1	0	96.1
2022-09-16	18.2	713.1	75	0.0	6.1	0	322.6
2022-09-16	17.9	525.2	74	0.0	12.8	0	227.6
2022-09-16	18.6	608.3	70	0.0	11.4	0	190.4
2022-09-16	18.8	969.9	69	0.0	12.0	0	193.1
2022-09-16	19.1	940.6	68	0.0	16.9	0	209.4
2022-09-16	19.6	834.9	68	0.0	9.7	0	256.2
2022-09-16	19.3	479.1	68	0.0	13.3	0	220.4
2022-09-16	18.9	583.4	68	0.0	12.3	0	236.5
2022-09-16	19.3	608.4	68	0.0	12.6	0	242.9
2022-09-16	18.6	363.2	71	0.0	14.3	0	211.5
2022-09-16	18.7	381.2	73	0.0	11.4	0	206.8
2022-09-16	18.2	157.9	77	0.0	6.6	0	184.5
2022-09-16	17.7	450.8	83	0.0	8.3	0	256.7
2022-09-16	18.7	610.4	79	0.0	11.8	0	249.1
2022-09-16	17.7	88.4	81	0.0	8.4	2	240.2
2022-09-16	17.6	88.3	82	0.0	6.1	1	195.9
2022-09-16	15.9	27.8	90	0.0	10.5	9	188.1
2022-09-16	14.7	43.9	97	0.0	5.8	7	205.3
2022-09-16	14.7	29.1	98	0.0	5.9	3	235.0
2022-09-16	14.3	7.8	98	2.8	8.2	10	265.7
2022-09-16	14.1	17.3	98	0.0	6.6	10	346.2
2022-09-16	14.3	52.6	99	0.4	3.4	10	274.8
2022-09-16	14.3	95.3	99	0.0	5.0	9	245.5
2022-09-16	14.3	71.4	98	0.2	3.3	9	225.0
2022-09-16	14.3	50.8	98	0.0	3.0	9	272.4
2022-09-16	14.4	53.3	98	0.0	3.6	8	32.7
2022-09-16	14.5	54.8	98	0.0	3.9	8	52.3
2022-09-16	14.3	30.5	98	0.0	3.1	8	35.2
2022-09-16	14.2	7.5	98	0.0	2.1	8	64.0
2022-09-16	14.1	0.2	98	0.0	3.4	9	94.7
2022-09-16	14.0	0.0	98	0.0	2.7	9	307.7
2022-09-16	14.0	0.0	99	0.0	4.3	9	343.9
2022-09-16	14.0	0.0	99	0.0	3.8	9	1.1
2022-09-16	14.0	0.0	99	0.0	3.3	9	352.8
2022-09-16	14.0	0.0	99	0.0	2.9	9	76.8
2022-09-16	14.0	0.0	99	0.0	2.7	9	18.5
2022-09-16	13.9	0.0	99	0.0	3.1	9	40.7
2022-09-16	14.0	0.0	99	0.0	2.3	9	113.4
2022-09-16	14.1	0.0	99	0.0	1.2	9	96.0
2022-09-16	14.1	0.0	99	0.0	2.6	9	70.5
2022-09-16	14.0	0.0	99	0.0	2.3	9	40.5
2022-09-16	14.0	0.0	99	0.0	2.6	9	131.4
2022-09-16	14.0	0.0	99	0.0	0.6	9	30.2
2022-09-16	13.9	0.0	99	0.0	3.0	9	38.2
2022-09-16	13.9	0.0	99	1.0	1.3	9	74.5
2022-09-16	14.0	0.0	99	0.0	3.1	10	208.2
2022-09-16	14.0	0.0	99	0.6	8.4	10	230.4
2022-09-16	13.7	0.0	99	1.0	12.0	10	218.7
2022-09-16	13.6	0.0	99	1.2	11.2	10	225.1
2022-09-16	13.6	0.0	100	0.4	11.6	10	233.6
2022-09-16	13.4	0.0	99	0.6	11.7	10	235.3
2022-09-16	13.4	0.0	100	0.6	14.3	9	231.0
2022-09-17	13.3	0.0	100	0.2	8.1	7	249.4
2022-09-17	13.2	0.0	100	0.4	9.0	7	218.5
2022-09-17	13.1	0.0	100	0.0	4.4	6	259.1
2022-09-17	13.0	0.0	99	0.2	4.0	6	177.6
2022-09-17	12.9	0.0	99	0.0	2.8	6	274.8
2022-09-17	12.7	0.0	99	0.0	3.7	7	15.6
2022-09-17	12.5	0.0	99	0.0	4.6	6	33.1
2022-09-17	12.4	0.0	99	0.0	4.5	6	23.5
2022-09-17	12.5	0.0	100	0.0	4.5	7	13.3
2022-09-17	12.3	0.0	99	0.0	1.8	7	28.1
2022-09-17	11.9	0.0	99	0.0	1.9	6	41.3
2022-09-17	11.4	0.0	99	0.0	2.8	6	64.2
2022-09-17	11.4	0.0	100	0.0	2.3	6	60.9
2022-09-17	11.4	0.0	100	0.0	1.8	6	268.5
2022-09-17	11.7	0.0	100	0.0	2.8	8	276.1
2022-09-17	11.9	0.0	100	0.0	4.9	9	284.4
2022-09-17	12.0	0.0	100	0.0	2.8	9	62.4
2022-09-17	12.1	0.0	100	0.0	2.9	9	64.4
2022-09-17	12.3	0.0	100	0.0	6.1	9	287.0
2022-09-17	12.3	0.0	100	0.0	7.4	9	287.8
2022-09-17	12.3	0.0	100	0.0	5.5	9	228.3
2022-09-17	12.2	0.0	100	0.0	4.4	9	171.7
2022-09-17	12.0	0.0	100	0.0	4.1	9	162.5
2022-09-17	12.1	0.0	100	0.0	5.3	9	319.3
2022-09-17	12.0	0.9	100	0.0	4.5	9	259.5
2022-09-17	11.8	15.3	100	0.0	3.0	9	279.0
2022-09-17	11.6	48.0	100	0.0	3.6	9	3.1
2022-09-17	11.6	76.8	100	0.0	2.4	9	346.6
2022-09-17	11.9	85.8	100	0.0	3.7	8	323.6
2022-09-17	12.3	116.2	100	0.0	3.2	3	173.7
2022-09-17	12.6	169.2	100	0.0	3.3	2	126.0
2022-09-17	12.9	174.6	100	0.0	2.7	1	136.2
2022-09-17	13.1	204.3	100	0.0	2.6	1	332.9
2022-09-17	13.8	372.7	100	0.0	4.2	0	274.0
2022-09-17	14.6	440.9	99	0.0	6.7	0	245.3
2022-09-17	15.2	441.3	93	0.0	5.7	0	247.1
2022-09-17	16.0	501.0	84	0.0	5.9	0	255.8
2022-09-17	16.3	400.8	83	0.0	7.5	0	282.4
2022-09-17	16.5	431.7	83	0.0	7.6	0	253.0
2022-09-17	17.2	649.6	80	0.0	7.6	0	217.8
2022-09-17	17.6	613.6	75	0.0	4.7	0	225.4
2022-09-17	17.8	251.0	77	0.0	4.6	0	140.0
2022-09-17	17.6	175.3	77	0.0	4.7	0	217.4
2022-09-17	17.1	179.4	81	0.0	4.0	0	187.4
2022-09-17	17.6	244.5	77	0.0	4.8	0	285.5
2022-09-17	18.1	311.5	76	0.0	3.2	0	332.0
2022-09-17	18.2	176.9	77	0.0	5.7	0	352.8
2022-09-17	16.6	39.6	83	0.4	10.8	3	31.8
2022-09-17	15.2	107.9	93	1.2	5.8	9	350.2
2022-09-17	15.6	351.3	96	0.0	4.5	2	335.2
2022-09-17	15.7	243.1	93	0.0	9.8	0	248.6
2022-09-17	15.0	36.3	94	0.4	4.6	4	220.0
2022-09-17	14.5	50.5	95	0.4	5.5	9	204.9
2022-09-17	14.6	479.2	96	0.0	8.1	6	218.0
2022-09-17	15.2	171.1	95	0.4	8.5	0	238.4
2022-09-17	14.9	229.2	95	0.0	8.4	0	248.5
2022-09-17	15.4	355.4	94	0.0	7.9	0	253.7
2022-09-17	15.3	89.0	93	0.0	7.2	1	261.2
2022-09-17	15.0	60.0	94	0.4	2.4	10	334.6
2022-09-17	15.0	102.4	94	0.4	3.6	10	181.4
2022-09-17	15.0	138.2	94	0.2	3.3	8	64.4
2022-09-17	15.0	67.4	93	0.4	2.1	9	125.8
2022-09-17	14.9	65.8	95	0.0	3.5	8	73.7
2022-09-17	14.8	77.8	95	0.0	4.8	7	13.5
2022-09-17	15.0	175.1	94	0.0	3.6	9	6.8
2022-09-17	15.5	235.2	92	0.0	3.6	1	259.2
2022-09-17	16.0	223.8	90	0.0	5.0	0	265.1
2022-09-17	16.3	97.0	90	0.0	2.4	0	60.5
2022-09-17	15.6	26.1	91	0.0	7.5	0	207.7
2022-09-17	15.2	21.8	93	0.0	5.5	1	254.2
2022-09-17	15.0	3.8	95	0.0	5.1	2	322.8
2022-09-17	14.9	3.1	96	0.0	7.4	3	254.2
2022-09-17	14.8	2.7	96	0.0	6.3	4	222.9
2022-09-17	14.5	0.3	97	0.0	4.5	8	185.9
2022-09-17	14.3	0.0	97	0.0	3.6	10	354.8
2022-09-17	14.2	0.0	97	0.0	3.0	10	6.2
2022-09-17	14.0	0.0	97	0.0	2.9	10	33.1
2022-09-17	13.6	0.0	98	0.0	1.6	10	59.4
2022-09-17	13.4	0.0	98	0.0	3.9	10	41.6
2022-09-17	13.5	0.0	98	0.0	4.1	10	22.8
2022-09-17	13.8	0.0	98	0.0	7.1	10	15.1
2022-09-17	13.9	0.0	98	0.0	4.8	10	33.0
2022-09-17	14.0	0.0	97	0.0	5.9	10	16.4
2022-09-17	14.2	0.0	97	0.0	8.0	10	11.0
2022-09-17	14.2	0.0	96	0.2	5.3	10	357.8
2022-09-17	14.1	0.0	96	0.4	5.1	10	23.7
2022-09-17	13.9	0.0	97	0.4	8.7	10	6.3
2022-09-17	13.7	0.0	97	0.4	5.7	9	340.1
2022-09-17	13.6	0.0	98	0.4	6.1	9	318.8
2022-09-17	13.5	0.0	98	1.0	8.6	7	8.3
2022-09-17	13.5	0.0	98	0.8	6.5	7	5.3
2022-09-17	13.4	0.0	98	0.6	8.7	6	330.1
2022-09-17	13.3	0.0	98	0.8	6.0	7	345.3
2022-09-17	13.3	0.0	98	0.8	5.2	6	12.9
2022-09-17	13.2	0.0	98	0.2	3.4	5	22.7
2022-09-17	13.0	0.0	98	0.2	2.4	4	348.3
2022-09-18	12.9	0.0	98	0.0	1.6	4	42.3
2022-09-18	12.8	0.0	98	0.0	3.0	4	4.7
2022-09-18	12.8	0.0	98	0.0	3.8	4	0.1
2022-09-18	12.6	0.0	99	0.0	3.3	5	359.9
2022-09-18	12.4	0.0	99	0.0	2.7	4	55.8
2022-09-18	12.2	0.0	99	0.0	2.8	5	36.0
2022-09-18	12.1	0.0	99	0.0	5.3	5	40.9
2022-09-18	12.1	0.0	99	0.0	4.3	5	39.6
2022-09-18	12.0	0.0	99	0.0	3.0	5	73.5
2022-09-18	11.9	0.0	99	0.0	3.4	5	48.4
2022-09-18	11.8	0.0	99	0.0	2.7	5	32.4
2022-09-18	11.8	0.0	99	0.0	3.6	5	43.7
2022-09-18	11.9	0.0	99	0.0	1.9	5	86.1
2022-09-18	12.1	0.0	99	0.0	7.9	6	125.1
2022-09-18	12.2	0.0	99	0.0	2.7	6	92.3
2022-09-18	12.4	0.0	99	0.0	5.5	8	160.7
2022-09-18	12.5	0.0	99	0.0	2.9	9	131.9
2022-09-18	12.5	0.0	99	0.0	0.0	8	66.8
2022-09-18	12.5	0.0	99	0.0	2.7	8	119.7
2022-09-18	12.4	0.0	99	0.0	5.5	8	144.1
2022-09-18	12.5	0.0	99	0.0	6.6	9	166.7
2022-09-18	12.5	0.0	99	0.0	2.8	9	333.1
2022-09-18	12.3	0.0	99	0.0	1.9	9	32.2
2022-09-18	12.2	0.0	99	0.0	2.2	9	310.1
2022-09-18	12.2	2.1	99	0.0	2.4	9	12.6
2022-09-18	12.1	12.6	99	0.0	2.3	9	35.3
2022-09-18	12.1	29.0	100	0.0	1.8	9	48.2
2022-09-18	12.0	35.7	99	0.0	3.4	9	51.3
2022-09-18	12.0	49.7	99	0.0	2.8	9	43.3
2022-09-18	12.3	108.4	100	0.0	1.4	9	66.0
2022-09-18	12.8	141.7	100	0.0	4.2	7	47.1
2022-09-18	13.3	162.9	99	0.0	4.1	2	30.1
2022-09-18	13.9	244.8	99	0.0	3.5	1	30.0
2022-09-18	14.8	334.1	94	0.0	3.3	1	349.4
2022-09-18	15.6	416.0	85	0.0	4.4	0	211.2
2022-09-18	16.3	503.3	82	0.0	7.9	0	293.5
2022-09-18	16.5	598.9	80	0.0	8.1	0	240.9
2022-09-18	16.9	466.1	79	0.0	8.5	0	244.0
2022-09-18	17.0	656.3	78	0.0	8.7	0	326.4
2022-09-18	17.1	448.1	78	0.0	8.0	0	217.5
2022-09-18	17.1	565.9	78	0.0	9.5	0	262.1
2022-09-18	17.7	732.3	76	0.0	8.0	0	329.4
2022-09-18	17.6	469.0	77	0.0	11.8	0	231.8
2022-09-18	17.5	815.3	77	0.0	9.7	0	243.1
2022-09-18	18.1	921.3	75	0.0	11.8	0	241.1
2022-09-18	17.9	643.4	75	0.0	13.9	0	255.5
2022-09-18	18.5	814.6	73	0.0	12.7	0	224.2
2022-09-18	18.2	770.5	73	0.0	9.9	0	271.1
2022-09-18	18.4	770.3	72	0.0	12.9	0	245.9
2022-09-18	18.3	766.6	73	0.0	15.2	0	217.9
2022-09-18	18.6	821.1	74	0.0	14.1	0	191.7
2022-09-18	18.4	454.6	74	0.0	10.8	0	224.7
2022-09-18	18.5	889.6	76	0.0	12.6	0	218.9
2022-09-18	19.1	801.1	71	0.0	10.7	0	220.0
2022-09-18	19.1	687.2	68	0.0	11.2	0	269.4
2022-09-18	19.2	755.5	67	0.0	9.8	0	254.3
2022-09-18	19.0	845.7	65	0.0	12.1	0	212.0
2022-09-18	19.9	907.9	62	0.0	12.2	0	231.3
2022-09-18	19.6	714.4	63	0.0	11.3	0	220.0
2022-09-18	18.7	312.0	71	0.0	15.9	0	200.7
2022-09-18	16.2	220.4	81	0.0	13.1	0	186.7
2022-09-18	16.8	691.0	80	0.0	10.0	0	196.0
2022-09-18	17.4	504.5	75	0.0	9.1	0	193.9
2022-09-18	17.4	681.7	76	0.0	14.7	0	202.5
2022-09-18	16.3	140.6	80	0.0	12.1	0	163.2
2022-09-18	15.3	214.1	87	0.0	10.9	0	181.4
2022-09-18	16.2	537.9	84	0.0	10.0	0	205.7
2022-09-18	16.3	115.2	83	0.0	10.4	0	200.8
2022-09-18	15.5	109.5	86	0.0	10.3	0	205.4
2022-09-18	15.2	50.9	88	0.0	10.5	0	199.2
2022-09-18	15.0	37.8	88	0.0	9.3	0	217.0
2022-09-18	15.0	31.6	89	0.0	6.0	0	220.4
2022-09-18	14.8	8.9	88	0.0	6.4	1	229.9
2022-09-18	14.6	0.4	89	0.0	3.1	2	22.3
2022-09-18	14.4	0.0	92	0.2	2.5	10	70.2
2022-09-18	14.2	0.0	93	0.0	4.6	10	22.8
2022-09-18	14.2	0.0	93	0.0	3.9	10	351.4
2022-09-18	14.2	0.0	92	0.0	5.6	10	26.7
2022-09-18	13.8	0.0	93	0.0	2.9	10	42.5
2022-09-18	13.6	0.0	94	0.0	5.7	10	33.5
2022-09-18	13.6	0.0	93	0.0	4.9	10	15.5
2022-09-18	13.6	0.0	93	0.0	7.5	10	26.5
2022-09-18	13.9	0.0	92	0.0	6.5	10	30.8
2022-09-18	13.4	0.0	94	0.0	2.9	10	48.2
2022-09-18	13.1	0.0	95	0.0	4.1	10	34.1
2022-09-18	13.1	0.0	95	0.0	3.7	10	61.5
2022-09-18	13.1	0.0	96	0.0	5.8	10	23.1
2022-09-18	13.2	0.0	95	0.0	4.8	10	31.9
2022-09-18	13.2	0.0	95	0.0	6.2	10	36.4
2022-09-18	13.4	0.0	95	0.0	4.8	10	4.3
2022-09-18	13.3	0.0	95	0.0	9.8	7	36.8
2022-09-18	13.1	0.0	96	0.0	6.9	6	10.5
2022-09-18	13.1	0.0	97	0.0	6.5	6	59.7
2022-09-18	13.0	0.0	97	0.0	5.4	5	77.1
2022-09-18	13.0	0.0	97	0.0	6.5	5	31.4
2022-09-18	12.9	0.0	97	0.0	5.0	5	47.7
